// Pre-computed 32x32 rotation matrices for RotorQuant (group_size=32, seed=42)

static const float RQ_ROTATION_R_32[1024] = {
    -1.76776695e-01f, 1.76776695e-01f, -1.76776695e-01f, -1.76776695e-01f, -1.76776695e-01f, 1.76776695e-01f, -1.76776695e-01f, -1.76776695e-01f, -1.76776695e-01f, 1.76776695e-01f, -1.76776695e-01f, -1.76776695e-01f, -1.76776695e-01f, -1.76776695e-01f, 1.76776695e-01f, -1.76776695e-01f, 1.76776695e-01f, 1.76776695e-01f, 1.76776695e-01f, -1.76776695e-01f, 1.76776695e-01f, -1.76776695e-01f, 1.76776695e-01f, 1.76776695e-01f, 1.76776695e-01f, 1.76776695e-01f, 1.76776695e-01f, 1.76776695e-01f, 1.76776695e-01f, 1.76776695e-01f, -1.76776695e-01f, -1.76776695e-01f,
    -1.76776695e-01f, -1.76776695e-01f, -1.76776695e-01f, 1.76776695e-01f, -1.76776695e-01f, -1.76776695e-01f, -1.76776695e-01f, 1.76776695e-01f, -1.76776695e-01f, -1.76776695e-01f, -1.76776695e-01f, 1.76776695e-01f, -1.76776695e-01f, 1.76776695e-01f, 1.76776695e-01f, 1.76776695e-01f, 1.76776695e-01f, -1.76776695e-01f, 1.76776695e-01f, 1.76776695e-01f, 1.76776695e-01f, 1.76776695e-01f, 1.76776695e-01f, -1.76776695e-01f, 1.76776695e-01f, -1.76776695e-01f, 1.76776695e-01f, -1.76776695e-01f, 1.76776695e-01f, -1.76776695e-01f, -1.76776695e-01f, 1.76776695e-01f,
    -1.76776695e-01f, 1.76776695e-01f, 1.76776695e-01f, 1.76776695e-01f, -1.76776695e-01f, 1.76776695e-01f, 1.76776695e-01f, 1.76776695e-01f, -1.76776695e-01f, 1.76776695e-01f, 1.76776695e-01f, 1.76776695e-01f, -1.76776695e-01f, -1.76776695e-01f, -1.76776695e-01f, 1.76776695e-01f, 1.76776695e-01f, 1.76776695e-01f, -1.76776695e-01f, 1.76776695e-01f, 1.76776695e-01f, -1.76776695e-01f, -1.76776695e-01f, -1.76776695e-01f, 1.76776695e-01f, 1.76776695e-01f, -1.76776695e-01f, -1.76776695e-01f, 1.76776695e-01f, 1.76776695e-01f, 1.76776695e-01f, 1.76776695e-01f,
    1.76776695e-01f, 1.76776695e-01f, -1.76776695e-01f, 1.76776695e-01f, 1.76776695e-01f, 1.76776695e-01f, -1.76776695e-01f, 1.76776695e-01f, 1.76776695e-01f, 1.76776695e-01f, -1.76776695e-01f, 1.76776695e-01f, 1.76776695e-01f, -1.76776695e-01f, 1.76776695e-01f, 1.76776695e-01f, -1.76776695e-01f, 1.76776695e-01f, 1.76776695e-01f, 1.76776695e-01f, -1.76776695e-01f, -1.76776695e-01f, 1.76776695e-01f, -1.76776695e-01f, -1.76776695e-01f, 1.76776695e-01f, 1.76776695e-01f, -1.76776695e-01f, -1.76776695e-01f, 1.76776695e-01f, -1.76776695e-01f, 1.76776695e-01f,
    -1.76776695e-01f, 1.76776695e-01f, -1.76776695e-01f, -1.76776695e-01f, 1.76776695e-01f, -1.76776695e-01f, 1.76776695e-01f, 1.76776695e-01f, -1.76776695e-01f, 1.76776695e-01f, -1.76776695e-01f, -1.76776695e-01f, 1.76776695e-01f, 1.76776695e-01f, -1.76776695e-01f, 1.76776695e-01f, 1.76776695e-01f, 1.76776695e-01f, 1.76776695e-01f, -1.76776695e-01f, -1.76776695e-01f, 1.76776695e-01f, -1.76776695e-01f, -1.76776695e-01f, 1.76776695e-01f, 1.76776695e-01f, 1.76776695e-01f, 1.76776695e-01f, -1.76776695e-01f, -1.76776695e-01f, 1.76776695e-01f, 1.76776695e-01f,
    1.76776695e-01f, 1.76776695e-01f, 1.76776695e-01f, -1.76776695e-01f, -1.76776695e-01f, -1.76776695e-01f, -1.76776695e-01f, 1.76776695e-01f, 1.76776695e-01f, 1.76776695e-01f, 1.76776695e-01f, -1.76776695e-01f, -1.76776695e-01f, 1.76776695e-01f, 1.76776695e-01f, 1.76776695e-01f, -1.76776695e-01f, 1.76776695e-01f, -1.76776695e-01f, -1.76776695e-01f, 1.76776695e-01f, 1.76776695e-01f, 1.76776695e-01f, -1.76776695e-01f, -1.76776695e-01f, 1.76776695e-01f, -1.76776695e-01f, 1.76776695e-01f, 1.76776695e-01f, -1.76776695e-01f, -1.76776695e-01f, 1.76776695e-01f,
    1.76776695e-01f, -1.76776695e-01f, -1.76776695e-01f, -1.76776695e-01f, -1.76776695e-01f, 1.76776695e-01f, 1.76776695e-01f, 1.76776695e-01f, 1.76776695e-01f, -1.76776695e-01f, -1.76776695e-01f, -1.76776695e-01f, -1.76776695e-01f, -1.76776695e-01f, -1.76776695e-01f, 1.76776695e-01f, -1.76776695e-01f, -1.76776695e-01f, 1.76776695e-01f, -1.76776695e-01f, 1.76776695e-01f, -1.76776695e-01f, -1.76776695e-01f, -1.76776695e-01f, -1.76776695e-01f, -1.76776695e-01f, 1.76776695e-01f, 1.76776695e-01f, 1.76776695e-01f, 1.76776695e-01f, 1.76776695e-01f, 1.76776695e-01f,
    1.76776695e-01f, 1.76776695e-01f, -1.76776695e-01f, 1.76776695e-01f, -1.76776695e-01f, -1.76776695e-01f, 1.76776695e-01f, -1.76776695e-01f, 1.76776695e-01f, 1.76776695e-01f, -1.76776695e-01f, 1.76776695e-01f, -1.76776695e-01f, 1.76776695e-01f, -1.76776695e-01f, -1.76776695e-01f, -1.76776695e-01f, 1.76776695e-01f, 1.76776695e-01f, 1.76776695e-01f, 1.76776695e-01f, 1.76776695e-01f, -1.76776695e-01f, 1.76776695e-01f, -1.76776695e-01f, 1.76776695e-01f, 1.76776695e-01f, -1.76776695e-01f, 1.76776695e-01f, -1.76776695e-01f, 1.76776695e-01f, -1.76776695e-01f,
    1.76776695e-01f, -1.76776695e-01f, 1.76776695e-01f, 1.76776695e-01f, 1.76776695e-01f, -1.76776695e-01f, 1.76776695e-01f, 1.76776695e-01f, -1.76776695e-01f, 1.76776695e-01f, -1.76776695e-01f, -1.76776695e-01f, -1.76776695e-01f, -1.76776695e-01f, 1.76776695e-01f, -1.76776695e-01f, -1.76776695e-01f, -1.76776695e-01f, -1.76776695e-01f, 1.76776695e-01f, -1.76776695e-01f, 1.76776695e-01f, -1.76776695e-01f, -1.76776695e-01f, 1.76776695e-01f, 1.76776695e-01f, 1.76776695e-01f, 1.76776695e-01f, 1.76776695e-01f, 1.76776695e-01f, -1.76776695e-01f, -1.76776695e-01f,
    1.76776695e-01f, 1.76776695e-01f, 1.76776695e-01f, -1.76776695e-01f, 1.76776695e-01f, 1.76776695e-01f, 1.76776695e-01f, -1.76776695e-01f, -1.76776695e-01f, -1.76776695e-01f, -1.76776695e-01f, 1.76776695e-01f, -1.76776695e-01f, 1.76776695e-01f, 1.76776695e-01f, 1.76776695e-01f, -1.76776695e-01f, 1.76776695e-01f, -1.76776695e-01f, -1.76776695e-01f, -1.76776695e-01f, -1.76776695e-01f, -1.76776695e-01f, 1.76776695e-01f, 1.76776695e-01f, -1.76776695e-01f, 1.76776695e-01f, -1.76776695e-01f, 1.76776695e-01f, -1.76776695e-01f, -1.76776695e-01f, 1.76776695e-01f,
    -1.76776695e-01f, 1.76776695e-01f, 1.76776695e-01f, 1.76776695e-01f, -1.76776695e-01f, 1.76776695e-01f, 1.76776695e-01f, 1.76776695e-01f, 1.76776695e-01f, -1.76776695e-01f, -1.76776695e-01f, -1.76776695e-01f, 1.76776695e-01f, 1.76776695e-01f, 1.76776695e-01f, -1.76776695e-01f, 1.76776695e-01f, 1.76776695e-01f, -1.76776695e-01f, 1.76776695e-01f, 1.76776695e-01f, -1.76776695e-01f, -1.76776695e-01f, -1.76776695e-01f, -1.76776695e-01f, -1.76776695e-01f, 1.76776695e-01f, 1.76776695e-01f, -1.76776695e-01f, -1.76776695e-01f, -1.76776695e-01f, -1.76776695e-01f,
    -1.76776695e-01f, -1.76776695e-01f, 1.76776695e-01f, -1.76776695e-01f, -1.76776695e-01f, -1.76776695e-01f, 1.76776695e-01f, -1.76776695e-01f, 1.76776695e-01f, 1.76776695e-01f, -1.76776695e-01f, 1.76776695e-01f, 1.76776695e-01f, -1.76776695e-01f, 1.76776695e-01f, 1.76776695e-01f, 1.76776695e-01f, -1.76776695e-01f, -1.76776695e-01f, -1.76776695e-01f, 1.76776695e-01f, 1.76776695e-01f, -1.76776695e-01f, 1.76776695e-01f, -1.76776695e-01f, 1.76776695e-01f, 1.76776695e-01f, -1.76776695e-01f, -1.76776695e-01f, 1.76776695e-01f, -1.76776695e-01f, 1.76776695e-01f,
    -1.76776695e-01f, 1.76776695e-01f, -1.76776695e-01f, -1.76776695e-01f, 1.76776695e-01f, -1.76776695e-01f, 1.76776695e-01f, 1.76776695e-01f, 1.76776695e-01f, -1.76776695e-01f, 1.76776695e-01f, 1.76776695e-01f, -1.76776695e-01f, -1.76776695e-01f, 1.76776695e-01f, -1.76776695e-01f, 1.76776695e-01f, 1.76776695e-01f, 1.76776695e-01f, -1.76776695e-01f, -1.76776695e-01f, 1.76776695e-01f, -1.76776695e-01f, -1.76776695e-01f, -1.76776695e-01f, -1.76776695e-01f, -1.76776695e-01f, -1.76776695e-01f, 1.76776695e-01f, 1.76776695e-01f, -1.76776695e-01f, -1.76776695e-01f,
    -1.76776695e-01f, -1.76776695e-01f, -1.76776695e-01f, 1.76776695e-01f, 1.76776695e-01f, 1.76776695e-01f, 1.76776695e-01f, -1.76776695e-01f, 1.76776695e-01f, 1.76776695e-01f, 1.76776695e-01f, -1.76776695e-01f, -1.76776695e-01f, 1.76776695e-01f, 1.76776695e-01f, 1.76776695e-01f, 1.76776695e-01f, -1.76776695e-01f, 1.76776695e-01f, 1.76776695e-01f, -1.76776695e-01f, -1.76776695e-01f, -1.76776695e-01f, 1.76776695e-01f, -1.76776695e-01f, 1.76776695e-01f, -1.76776695e-01f, 1.76776695e-01f, 1.76776695e-01f, -1.76776695e-01f, -1.76776695e-01f, 1.76776695e-01f,
    -1.76776695e-01f, 1.76776695e-01f, 1.76776695e-01f, 1.76776695e-01f, 1.76776695e-01f, -1.76776695e-01f, -1.76776695e-01f, -1.76776695e-01f, 1.76776695e-01f, -1.76776695e-01f, -1.76776695e-01f, -1.76776695e-01f, -1.76776695e-01f, -1.76776695e-01f, -1.76776695e-01f, 1.76776695e-01f, 1.76776695e-01f, 1.76776695e-01f, -1.76776695e-01f, 1.76776695e-01f, -1.76776695e-01f, 1.76776695e-01f, 1.76776695e-01f, 1.76776695e-01f, -1.76776695e-01f, -1.76776695e-01f, 1.76776695e-01f, 1.76776695e-01f, 1.76776695e-01f, 1.76776695e-01f, 1.76776695e-01f, 1.76776695e-01f,
    1.76776695e-01f, 1.76776695e-01f, -1.76776695e-01f, 1.76776695e-01f, -1.76776695e-01f, -1.76776695e-01f, 1.76776695e-01f, -1.76776695e-01f, -1.76776695e-01f, -1.76776695e-01f, 1.76776695e-01f, -1.76776695e-01f, 1.76776695e-01f, -1.76776695e-01f, 1.76776695e-01f, 1.76776695e-01f, -1.76776695e-01f, 1.76776695e-01f, 1.76776695e-01f, 1.76776695e-01f, 1.76776695e-01f, 1.76776695e-01f, -1.76776695e-01f, 1.76776695e-01f, 1.76776695e-01f, -1.76776695e-01f, -1.76776695e-01f, 1.76776695e-01f, -1.76776695e-01f, 1.76776695e-01f, -1.76776695e-01f, 1.76776695e-01f,
    -1.76776695e-01f, 1.76776695e-01f, -1.76776695e-01f, -1.76776695e-01f, -1.76776695e-01f, 1.76776695e-01f, -1.76776695e-01f, -1.76776695e-01f, -1.76776695e-01f, 1.76776695e-01f, -1.76776695e-01f, -1.76776695e-01f, -1.76776695e-01f, -1.76776695e-01f, 1.76776695e-01f, -1.76776695e-01f, -1.76776695e-01f, -1.76776695e-01f, -1.76776695e-01f, 1.76776695e-01f, -1.76776695e-01f, 1.76776695e-01f, -1.76776695e-01f, -1.76776695e-01f, -1.76776695e-01f, -1.76776695e-01f, -1.76776695e-01f, -1.76776695e-01f, -1.76776695e-01f, -1.76776695e-01f, 1.76776695e-01f, 1.76776695e-01f,
    -1.76776695e-01f, -1.76776695e-01f, -1.76776695e-01f, 1.76776695e-01f, -1.76776695e-01f, -1.76776695e-01f, -1.76776695e-01f, 1.76776695e-01f, -1.76776695e-01f, -1.76776695e-01f, -1.76776695e-01f, 1.76776695e-01f, -1.76776695e-01f, 1.76776695e-01f, 1.76776695e-01f, 1.76776695e-01f, -1.76776695e-01f, 1.76776695e-01f, -1.76776695e-01f, -1.76776695e-01f, -1.76776695e-01f, -1.76776695e-01f, -1.76776695e-01f, 1.76776695e-01f, -1.76776695e-01f, 1.76776695e-01f, -1.76776695e-01f, 1.76776695e-01f, -1.76776695e-01f, 1.76776695e-01f, 1.76776695e-01f, -1.76776695e-01f,
    1.76776695e-01f, -1.76776695e-01f, -1.76776695e-01f, -1.76776695e-01f, 1.76776695e-01f, -1.76776695e-01f, -1.76776695e-01f, -1.76776695e-01f, 1.76776695e-01f, -1.76776695e-01f, -1.76776695e-01f, -1.76776695e-01f, 1.76776695e-01f, 1.76776695e-01f, 1.76776695e-01f, -1.76776695e-01f, 1.76776695e-01f, 1.76776695e-01f, -1.76776695e-01f, 1.76776695e-01f, 1.76776695e-01f, -1.76776695e-01f, -1.76776695e-01f, -1.76776695e-01f, 1.76776695e-01f, 1.76776695e-01f, -1.76776695e-01f, -1.76776695e-01f, 1.76776695e-01f, 1.76776695e-01f, 1.76776695e-01f, 1.76776695e-01f,
    -1.76776695e-01f, -1.76776695e-01f, 1.76776695e-01f, -1.76776695e-01f, -1.76776695e-01f, -1.76776695e-01f, 1.76776695e-01f, -1.76776695e-01f, -1.76776695e-01f, -1.76776695e-01f, 1.76776695e-01f, -1.76776695e-01f, -1.76776695e-01f, 1.76776695e-01f, -1.76776695e-01f, -1.76776695e-01f, -1.76776695e-01f, 1.76776695e-01f, 1.76776695e-01f, 1.76776695e-01f, -1.76776695e-01f, -1.76776695e-01f, 1.76776695e-01f, -1.76776695e-01f, -1.76776695e-01f, 1.76776695e-01f, 1.76776695e-01f, -1.76776695e-01f, -1.76776695e-01f, 1.76776695e-01f, -1.76776695e-01f, 1.76776695e-01f,
    1.76776695e-01f, -1.76776695e-01f, 1.76776695e-01f, 1.76776695e-01f, -1.76776695e-01f, 1.76776695e-01f, -1.76776695e-01f, -1.76776695e-01f, 1.76776695e-01f, -1.76776695e-01f, 1.76776695e-01f, 1.76776695e-01f, -1.76776695e-01f, -1.76776695e-01f, 1.76776695e-01f, -1.76776695e-01f, 1.76776695e-01f, 1.76776695e-01f, 1.76776695e-01f, -1.76776695e-01f, -1.76776695e-01f, 1.76776695e-01f, -1.76776695e-01f, -1.76776695e-01f, 1.76776695e-01f, 1.76776695e-01f, 1.76776695e-01f, 1.76776695e-01f, -1.76776695e-01f, -1.76776695e-01f, 1.76776695e-01f, 1.76776695e-01f,
    -1.76776695e-01f, -1.76776695e-01f, -1.76776695e-01f, 1.76776695e-01f, 1.76776695e-01f, 1.76776695e-01f, 1.76776695e-01f, -1.76776695e-01f, -1.76776695e-01f, -1.76776695e-01f, -1.76776695e-01f, 1.76776695e-01f, 1.76776695e-01f, -1.76776695e-01f, -1.76776695e-01f, -1.76776695e-01f, -1.76776695e-01f, 1.76776695e-01f, -1.76776695e-01f, -1.76776695e-01f, 1.76776695e-01f, 1.76776695e-01f, 1.76776695e-01f, -1.76776695e-01f, -1.76776695e-01f, 1.76776695e-01f, -1.76776695e-01f, 1.76776695e-01f, 1.76776695e-01f, -1.76776695e-01f, -1.76776695e-01f, 1.76776695e-01f,
    1.76776695e-01f, -1.76776695e-01f, -1.76776695e-01f, -1.76776695e-01f, -1.76776695e-01f, 1.76776695e-01f, 1.76776695e-01f, 1.76776695e-01f, 1.76776695e-01f, -1.76776695e-01f, -1.76776695e-01f, -1.76776695e-01f, -1.76776695e-01f, -1.76776695e-01f, -1.76776695e-01f, 1.76776695e-01f, 1.76776695e-01f, 1.76776695e-01f, -1.76776695e-01f, 1.76776695e-01f, -1.76776695e-01f, 1.76776695e-01f, 1.76776695e-01f, 1.76776695e-01f, 1.76776695e-01f, 1.76776695e-01f, -1.76776695e-01f, -1.76776695e-01f, -1.76776695e-01f, -1.76776695e-01f, -1.76776695e-01f, -1.76776695e-01f,
    -1.76776695e-01f, -1.76776695e-01f, 1.76776695e-01f, -1.76776695e-01f, 1.76776695e-01f, 1.76776695e-01f, -1.76776695e-01f, 1.76776695e-01f, -1.76776695e-01f, -1.76776695e-01f, 1.76776695e-01f, -1.76776695e-01f, 1.76776695e-01f, -1.76776695e-01f, 1.76776695e-01f, 1.76776695e-01f, -1.76776695e-01f, 1.76776695e-01f, 1.76776695e-01f, 1.76776695e-01f, 1.76776695e-01f, 1.76776695e-01f, -1.76776695e-01f, 1.76776695e-01f, -1.76776695e-01f, 1.76776695e-01f, 1.76776695e-01f, -1.76776695e-01f, 1.76776695e-01f, -1.76776695e-01f, 1.76776695e-01f, -1.76776695e-01f,
    -1.76776695e-01f, 1.76776695e-01f, -1.76776695e-01f, -1.76776695e-01f, -1.76776695e-01f, 1.76776695e-01f, -1.76776695e-01f, -1.76776695e-01f, 1.76776695e-01f, -1.76776695e-01f, 1.76776695e-01f, 1.76776695e-01f, 1.76776695e-01f, 1.76776695e-01f, -1.76776695e-01f, 1.76776695e-01f, -1.76776695e-01f, -1.76776695e-01f, -1.76776695e-01f, 1.76776695e-01f, -1.76776695e-01f, 1.76776695e-01f, -1.76776695e-01f, -1.76776695e-01f, 1.76776695e-01f, 1.76776695e-01f, 1.76776695e-01f, 1.76776695e-01f, 1.76776695e-01f, 1.76776695e-01f, -1.76776695e-01f, -1.76776695e-01f,
    1.76776695e-01f, 1.76776695e-01f, 1.76776695e-01f, -1.76776695e-01f, 1.76776695e-01f, 1.76776695e-01f, 1.76776695e-01f, -1.76776695e-01f, -1.76776695e-01f, -1.76776695e-01f, -1.76776695e-01f, 1.76776695e-01f, -1.76776695e-01f, 1.76776695e-01f, 1.76776695e-01f, 1.76776695e-01f, 1.76776695e-01f, -1.76776695e-01f, 1.76776695e-01f, 1.76776695e-01f, 1.76776695e-01f, 1.76776695e-01f, 1.76776695e-01f, -1.76776695e-01f, -1.76776695e-01f, 1.76776695e-01f, -1.76776695e-01f, 1.76776695e-01f, -1.76776695e-01f, 1.76776695e-01f, 1.76776695e-01f, -1.76776695e-01f,
    1.76776695e-01f, -1.76776695e-01f, -1.76776695e-01f, -1.76776695e-01f, 1.76776695e-01f, -1.76776695e-01f, -1.76776695e-01f, -1.76776695e-01f, -1.76776695e-01f, 1.76776695e-01f, 1.76776695e-01f, 1.76776695e-01f, -1.76776695e-01f, -1.76776695e-01f, -1.76776695e-01f, 1.76776695e-01f, 1.76776695e-01f, 1.76776695e-01f, -1.76776695e-01f, 1.76776695e-01f, 1.76776695e-01f, -1.76776695e-01f, -1.76776695e-01f, -1.76776695e-01f, -1.76776695e-01f, -1.76776695e-01f, 1.76776695e-01f, 1.76776695e-01f, -1.76776695e-01f, -1.76776695e-01f, -1.76776695e-01f, -1.76776695e-01f,
    1.76776695e-01f, 1.76776695e-01f, -1.76776695e-01f, 1.76776695e-01f, 1.76776695e-01f, 1.76776695e-01f, -1.76776695e-01f, 1.76776695e-01f, -1.76776695e-01f, -1.76776695e-01f, 1.76776695e-01f, -1.76776695e-01f, -1.76776695e-01f, 1.76776695e-01f, -1.76776695e-01f, -1.76776695e-01f, 1.76776695e-01f, -1.76776695e-01f, -1.76776695e-01f, -1.76776695e-01f, 1.76776695e-01f, 1.76776695e-01f, -1.76776695e-01f, 1.76776695e-01f, -1.76776695e-01f, 1.76776695e-01f, 1.76776695e-01f, -1.76776695e-01f, -1.76776695e-01f, 1.76776695e-01f, -1.76776695e-01f, 1.76776695e-01f,
    1.76776695e-01f, -1.76776695e-01f, 1.76776695e-01f, 1.76776695e-01f, -1.76776695e-01f, 1.76776695e-01f, -1.76776695e-01f, -1.76776695e-01f, -1.76776695e-01f, 1.76776695e-01f, -1.76776695e-01f, -1.76776695e-01f, 1.76776695e-01f, 1.76776695e-01f, -1.76776695e-01f, 1.76776695e-01f, 1.76776695e-01f, 1.76776695e-01f, 1.76776695e-01f, -1.76776695e-01f, -1.76776695e-01f, 1.76776695e-01f, -1.76776695e-01f, -1.76776695e-01f, -1.76776695e-01f, -1.76776695e-01f, -1.76776695e-01f, -1.76776695e-01f, 1.76776695e-01f, 1.76776695e-01f, -1.76776695e-01f, -1.76776695e-01f,
    1.76776695e-01f, 1.76776695e-01f, 1.76776695e-01f, -1.76776695e-01f, -1.76776695e-01f, -1.76776695e-01f, -1.76776695e-01f, 1.76776695e-01f, -1.76776695e-01f, -1.76776695e-01f, -1.76776695e-01f, 1.76776695e-01f, 1.76776695e-01f, -1.76776695e-01f, -1.76776695e-01f, -1.76776695e-01f, 1.76776695e-01f, -1.76776695e-01f, 1.76776695e-01f, 1.76776695e-01f, -1.76776695e-01f, -1.76776695e-01f, -1.76776695e-01f, 1.76776695e-01f, -1.76776695e-01f, 1.76776695e-01f, -1.76776695e-01f, 1.76776695e-01f, 1.76776695e-01f, -1.76776695e-01f, -1.76776695e-01f, 1.76776695e-01f,
    1.76776695e-01f, -1.76776695e-01f, -1.76776695e-01f, -1.76776695e-01f, -1.76776695e-01f, 1.76776695e-01f, 1.76776695e-01f, 1.76776695e-01f, -1.76776695e-01f, 1.76776695e-01f, 1.76776695e-01f, 1.76776695e-01f, 1.76776695e-01f, 1.76776695e-01f, 1.76776695e-01f, -1.76776695e-01f, 1.76776695e-01f, 1.76776695e-01f, -1.76776695e-01f, 1.76776695e-01f, -1.76776695e-01f, 1.76776695e-01f, 1.76776695e-01f, 1.76776695e-01f, -1.76776695e-01f, -1.76776695e-01f, 1.76776695e-01f, 1.76776695e-01f, 1.76776695e-01f, 1.76776695e-01f, 1.76776695e-01f, 1.76776695e-01f,
    1.76776695e-01f, 1.76776695e-01f, -1.76776695e-01f, 1.76776695e-01f, -1.76776695e-01f, -1.76776695e-01f, 1.76776695e-01f, -1.76776695e-01f, -1.76776695e-01f, -1.76776695e-01f, 1.76776695e-01f, -1.76776695e-01f, 1.76776695e-01f, -1.76776695e-01f, 1.76776695e-01f, 1.76776695e-01f, 1.76776695e-01f, -1.76776695e-01f, -1.76776695e-01f, -1.76776695e-01f, -1.76776695e-01f, -1.76776695e-01f, 1.76776695e-01f, -1.76776695e-01f, -1.76776695e-01f, 1.76776695e-01f, 1.76776695e-01f, -1.76776695e-01f, 1.76776695e-01f, -1.76776695e-01f, 1.76776695e-01f, -1.76776695e-01f
};

static const float RQ_ROTATION_RT_32[1024] = {
    -1.76776695e-01f, -1.76776695e-01f, -1.76776695e-01f, 1.76776695e-01f, -1.76776695e-01f, 1.76776695e-01f, 1.76776695e-01f, 1.76776695e-01f, 1.76776695e-01f, 1.76776695e-01f, -1.76776695e-01f, -1.76776695e-01f, -1.76776695e-01f, -1.76776695e-01f, -1.76776695e-01f, 1.76776695e-01f, -1.76776695e-01f, -1.76776695e-01f, 1.76776695e-01f, -1.76776695e-01f, 1.76776695e-01f, -1.76776695e-01f, 1.76776695e-01f, -1.76776695e-01f, -1.76776695e-01f, 1.76776695e-01f, 1.76776695e-01f, 1.76776695e-01f, 1.76776695e-01f, 1.76776695e-01f, 1.76776695e-01f, 1.76776695e-01f,
    1.76776695e-01f, -1.76776695e-01f, 1.76776695e-01f, 1.76776695e-01f, 1.76776695e-01f, 1.76776695e-01f, -1.76776695e-01f, 1.76776695e-01f, -1.76776695e-01f, 1.76776695e-01f, 1.76776695e-01f, -1.76776695e-01f, 1.76776695e-01f, -1.76776695e-01f, 1.76776695e-01f, 1.76776695e-01f, 1.76776695e-01f, -1.76776695e-01f, -1.76776695e-01f, -1.76776695e-01f, -1.76776695e-01f, -1.76776695e-01f, -1.76776695e-01f, -1.76776695e-01f, 1.76776695e-01f, 1.76776695e-01f, -1.76776695e-01f, 1.76776695e-01f, -1.76776695e-01f, 1.76776695e-01f, -1.76776695e-01f, 1.76776695e-01f,
    -1.76776695e-01f, -1.76776695e-01f, 1.76776695e-01f, -1.76776695e-01f, -1.76776695e-01f, 1.76776695e-01f, -1.76776695e-01f, -1.76776695e-01f, 1.76776695e-01f, 1.76776695e-01f, 1.76776695e-01f, 1.76776695e-01f, -1.76776695e-01f, -1.76776695e-01f, 1.76776695e-01f, -1.76776695e-01f, -1.76776695e-01f, -1.76776695e-01f, -1.76776695e-01f, 1.76776695e-01f, 1.76776695e-01f, -1.76776695e-01f, -1.76776695e-01f, 1.76776695e-01f, -1.76776695e-01f, 1.76776695e-01f, -1.76776695e-01f, -1.76776695e-01f, 1.76776695e-01f, 1.76776695e-01f, -1.76776695e-01f, -1.76776695e-01f,
    -1.76776695e-01f, 1.76776695e-01f, 1.76776695e-01f, 1.76776695e-01f, -1.76776695e-01f, -1.76776695e-01f, -1.76776695e-01f, 1.76776695e-01f, 1.76776695e-01f, -1.76776695e-01f, 1.76776695e-01f, -1.76776695e-01f, -1.76776695e-01f, 1.76776695e-01f, 1.76776695e-01f, 1.76776695e-01f, -1.76776695e-01f, 1.76776695e-01f, -1.76776695e-01f, -1.76776695e-01f, 1.76776695e-01f, 1.76776695e-01f, -1.76776695e-01f, -1.76776695e-01f, -1.76776695e-01f, -1.76776695e-01f, -1.76776695e-01f, 1.76776695e-01f, 1.76776695e-01f, -1.76776695e-01f, -1.76776695e-01f, 1.76776695e-01f,
    -1.76776695e-01f, -1.76776695e-01f, -1.76776695e-01f, 1.76776695e-01f, 1.76776695e-01f, -1.76776695e-01f, -1.76776695e-01f, -1.76776695e-01f, 1.76776695e-01f, 1.76776695e-01f, -1.76776695e-01f, -1.76776695e-01f, 1.76776695e-01f, 1.76776695e-01f, 1.76776695e-01f, -1.76776695e-01f, -1.76776695e-01f, -1.76776695e-01f, 1.76776695e-01f, -1.76776695e-01f, -1.76776695e-01f, 1.76776695e-01f, -1.76776695e-01f, 1.76776695e-01f, -1.76776695e-01f, 1.76776695e-01f, 1.76776695e-01f, 1.76776695e-01f, -1.76776695e-01f, -1.76776695e-01f, -1.76776695e-01f, -1.76776695e-01f,
    1.76776695e-01f, -1.76776695e-01f, 1.76776695e-01f, 1.76776695e-01f, -1.76776695e-01f, -1.76776695e-01f, 1.76776695e-01f, -1.76776695e-01f, -1.76776695e-01f, 1.76776695e-01f, 1.76776695e-01f, -1.76776695e-01f, -1.76776695e-01f, 1.76776695e-01f, -1.76776695e-01f, -1.76776695e-01f, 1.76776695e-01f, -1.76776695e-01f, -1.76776695e-01f, -1.76776695e-01f, 1.76776695e-01f, 1.76776695e-01f, 1.76776695e-01f, 1.76776695e-01f, 1.76776695e-01f, 1.76776695e-01f, -1.76776695e-01f, 1.76776695e-01f, 1.76776695e-01f, -1.76776695e-01f, 1.76776695e-01f, -1.76776695e-01f,
    -1.76776695e-01f, -1.76776695e-01f, 1.76776695e-01f, -1.76776695e-01f, 1.76776695e-01f, -1.76776695e-01f, 1.76776695e-01f, 1.76776695e-01f, 1.76776695e-01f, 1.76776695e-01f, 1.76776695e-01f, 1.76776695e-01f, 1.76776695e-01f, 1.76776695e-01f, -1.76776695e-01f, 1.76776695e-01f, -1.76776695e-01f, -1.76776695e-01f, -1.76776695e-01f, 1.76776695e-01f, -1.76776695e-01f, 1.76776695e-01f, 1.76776695e-01f, -1.76776695e-01f, -1.76776695e-01f, 1.76776695e-01f, -1.76776695e-01f, -1.76776695e-01f, -1.76776695e-01f, -1.76776695e-01f, 1.76776695e-01f, 1.76776695e-01f,
    -1.76776695e-01f, 1.76776695e-01f, 1.76776695e-01f, 1.76776695e-01f, 1.76776695e-01f, 1.76776695e-01f, 1.76776695e-01f, -1.76776695e-01f, 1.76776695e-01f, -1.76776695e-01f, 1.76776695e-01f, -1.76776695e-01f, 1.76776695e-01f, -1.76776695e-01f, -1.76776695e-01f, -1.76776695e-01f, -1.76776695e-01f, 1.76776695e-01f, -1.76776695e-01f, -1.76776695e-01f, -1.76776695e-01f, -1.76776695e-01f, 1.76776695e-01f, 1.76776695e-01f, -1.76776695e-01f, -1.76776695e-01f, -1.76776695e-01f, 1.76776695e-01f, -1.76776695e-01f, 1.76776695e-01f, 1.76776695e-01f, -1.76776695e-01f,
    -1.76776695e-01f, -1.76776695e-01f, -1.76776695e-01f, 1.76776695e-01f, -1.76776695e-01f, 1.76776695e-01f, 1.76776695e-01f, 1.76776695e-01f, -1.76776695e-01f, -1.76776695e-01f, 1.76776695e-01f, 1.76776695e-01f, 1.76776695e-01f, 1.76776695e-01f, 1.76776695e-01f, -1.76776695e-01f, -1.76776695e-01f, -1.76776695e-01f, 1.76776695e-01f, -1.76776695e-01f, 1.76776695e-01f, -1.76776695e-01f, 1.76776695e-01f, -1.76776695e-01f, 1.76776695e-01f, -1.76776695e-01f, -1.76776695e-01f, -1.76776695e-01f, -1.76776695e-01f, -1.76776695e-01f, -1.76776695e-01f, -1.76776695e-01f,
    1.76776695e-01f, -1.76776695e-01f, 1.76776695e-01f, 1.76776695e-01f, 1.76776695e-01f, 1.76776695e-01f, -1.76776695e-01f, 1.76776695e-01f, 1.76776695e-01f, -1.76776695e-01f, -1.76776695e-01f, 1.76776695e-01f, -1.76776695e-01f, 1.76776695e-01f, -1.76776695e-01f, -1.76776695e-01f, 1.76776695e-01f, -1.76776695e-01f, -1.76776695e-01f, -1.76776695e-01f, -1.76776695e-01f, -1.76776695e-01f, -1.76776695e-01f, -1.76776695e-01f, -1.76776695e-01f, -1.76776695e-01f, 1.76776695e-01f, -1.76776695e-01f, 1.76776695e-01f, -1.76776695e-01f, 1.76776695e-01f, -1.76776695e-01f,
    -1.76776695e-01f, -1.76776695e-01f, 1.76776695e-01f, -1.76776695e-01f, -1.76776695e-01f, 1.76776695e-01f, -1.76776695e-01f, -1.76776695e-01f, -1.76776695e-01f, -1.76776695e-01f, -1.76776695e-01f, -1.76776695e-01f, 1.76776695e-01f, 1.76776695e-01f, -1.76776695e-01f, 1.76776695e-01f, -1.76776695e-01f, -1.76776695e-01f, -1.76776695e-01f, 1.76776695e-01f, 1.76776695e-01f, -1.76776695e-01f, -1.76776695e-01f, 1.76776695e-01f, 1.76776695e-01f, -1.76776695e-01f, 1.76776695e-01f, 1.76776695e-01f, -1.76776695e-01f, -1.76776695e-01f, 1.76776695e-01f, 1.76776695e-01f,
    -1.76776695e-01f, 1.76776695e-01f, 1.76776695e-01f, 1.76776695e-01f, -1.76776695e-01f, -1.76776695e-01f, -1.76776695e-01f, 1.76776695e-01f, -1.76776695e-01f, 1.76776695e-01f, -1.76776695e-01f, 1.76776695e-01f, 1.76776695e-01f, -1.76776695e-01f, -1.76776695e-01f, -1.76776695e-01f, -1.76776695e-01f, 1.76776695e-01f, -1.76776695e-01f, -1.76776695e-01f, 1.76776695e-01f, 1.76776695e-01f, -1.76776695e-01f, -1.76776695e-01f, 1.76776695e-01f, 1.76776695e-01f, 1.76776695e-01f, -1.76776695e-01f, -1.76776695e-01f, 1.76776695e-01f, 1.76776695e-01f, -1.76776695e-01f,
    -1.76776695e-01f, -1.76776695e-01f, -1.76776695e-01f, 1.76776695e-01f, 1.76776695e-01f, -1.76776695e-01f, -1.76776695e-01f, -1.76776695e-01f, -1.76776695e-01f, -1.76776695e-01f, 1.76776695e-01f, 1.76776695e-01f, -1.76776695e-01f, -1.76776695e-01f, -1.76776695e-01f, 1.76776695e-01f, -1.76776695e-01f, -1.76776695e-01f, 1.76776695e-01f, -1.76776695e-01f, -1.76776695e-01f, 1.76776695e-01f, -1.76776695e-01f, 1.76776695e-01f, 1.76776695e-01f, -1.76776695e-01f, -1.76776695e-01f, -1.76776695e-01f, 1.76776695e-01f, 1.76776695e-01f, 1.76776695e-01f, 1.76776695e-01f,
    -1.76776695e-01f, 1.76776695e-01f, -1.76776695e-01f, -1.76776695e-01f, 1.76776695e-01f, 1.76776695e-01f, -1.76776695e-01f, 1.76776695e-01f, -1.76776695e-01f, 1.76776695e-01f, 1.76776695e-01f, -1.76776695e-01f, -1.76776695e-01f, 1.76776695e-01f, -1.76776695e-01f, -1.76776695e-01f, -1.76776695e-01f, 1.76776695e-01f, 1.76776695e-01f, 1.76776695e-01f, -1.76776695e-01f, -1.76776695e-01f, -1.76776695e-01f, -1.76776695e-01f, 1.76776695e-01f, 1.76776695e-01f, -1.76776695e-01f, 1.76776695e-01f, 1.76776695e-01f, -1.76776695e-01f, 1.76776695e-01f, -1.76776695e-01f,
    1.76776695e-01f, 1.76776695e-01f, -1.76776695e-01f, 1.76776695e-01f, -1.76776695e-01f, 1.76776695e-01f, -1.76776695e-01f, -1.76776695e-01f, 1.76776695e-01f, 1.76776695e-01f, 1.76776695e-01f, 1.76776695e-01f, 1.76776695e-01f, 1.76776695e-01f, -1.76776695e-01f, 1.76776695e-01f, 1.76776695e-01f, 1.76776695e-01f, 1.76776695e-01f, -1.76776695e-01f, 1.76776695e-01f, -1.76776695e-01f, -1.76776695e-01f, 1.76776695e-01f, -1.76776695e-01f, 1.76776695e-01f, -1.76776695e-01f, -1.76776695e-01f, -1.76776695e-01f, -1.76776695e-01f, 1.76776695e-01f, 1.76776695e-01f,
    -1.76776695e-01f, 1.76776695e-01f, 1.76776695e-01f, 1.76776695e-01f, 1.76776695e-01f, 1.76776695e-01f, 1.76776695e-01f, -1.76776695e-01f, -1.76776695e-01f, 1.76776695e-01f, -1.76776695e-01f, 1.76776695e-01f, -1.76776695e-01f, 1.76776695e-01f, 1.76776695e-01f, 1.76776695e-01f, -1.76776695e-01f, 1.76776695e-01f, -1.76776695e-01f, -1.76776695e-01f, -1.76776695e-01f, -1.76776695e-01f, 1.76776695e-01f, 1.76776695e-01f, 1.76776695e-01f, 1.76776695e-01f, 1.76776695e-01f, -1.76776695e-01f, 1.76776695e-01f, -1.76776695e-01f, -1.76776695e-01f, 1.76776695e-01f,
    1.76776695e-01f, 1.76776695e-01f, 1.76776695e-01f, -1.76776695e-01f, 1.76776695e-01f, -1.76776695e-01f, -1.76776695e-01f, -1.76776695e-01f, -1.76776695e-01f, -1.76776695e-01f, 1.76776695e-01f, 1.76776695e-01f, 1.76776695e-01f, 1.76776695e-01f, 1.76776695e-01f, -1.76776695e-01f, -1.76776695e-01f, -1.76776695e-01f, 1.76776695e-01f, -1.76776695e-01f, 1.76776695e-01f, -1.76776695e-01f, 1.76776695e-01f, -1.76776695e-01f, -1.76776695e-01f, 1.76776695e-01f, 1.76776695e-01f, 1.76776695e-01f, 1.76776695e-01f, 1.76776695e-01f, 1.76776695e-01f, 1.76776695e-01f,
    1.76776695e-01f, -1.76776695e-01f, 1.76776695e-01f, 1.76776695e-01f, 1.76776695e-01f, 1.76776695e-01f, -1.76776695e-01f, 1.76776695e-01f, -1.76776695e-01f, 1.76776695e-01f, 1.76776695e-01f, -1.76776695e-01f, 1.76776695e-01f, -1.76776695e-01f, 1.76776695e-01f, 1.76776695e-01f, -1.76776695e-01f, 1.76776695e-01f, 1.76776695e-01f, 1.76776695e-01f, 1.76776695e-01f, 1.76776695e-01f, 1.76776695e-01f, 1.76776695e-01f, -1.76776695e-01f, -1.76776695e-01f, 1.76776695e-01f, -1.76776695e-01f, 1.76776695e-01f, -1.76776695e-01f, 1.76776695e-01f, -1.76776695e-01f,
    1.76776695e-01f, 1.76776695e-01f, -1.76776695e-01f, 1.76776695e-01f, 1.76776695e-01f, -1.76776695e-01f, 1.76776695e-01f, 1.76776695e-01f, -1.76776695e-01f, -1.76776695e-01f, -1.76776695e-01f, -1.76776695e-01f, 1.76776695e-01f, 1.76776695e-01f, -1.76776695e-01f, 1.76776695e-01f, -1.76776695e-01f, -1.76776695e-01f, -1.76776695e-01f, 1.76776695e-01f, 1.76776695e-01f, -1.76776695e-01f, -1.76776695e-01f, 1.76776695e-01f, -1.76776695e-01f, 1.76776695e-01f, -1.76776695e-01f, -1.76776695e-01f, 1.76776695e-01f, 1.76776695e-01f, -1.76776695e-01f, -1.76776695e-01f,
    -1.76776695e-01f, 1.76776695e-01f, 1.76776695e-01f, 1.76776695e-01f, -1.76776695e-01f, -1.76776695e-01f, -1.76776695e-01f, 1.76776695e-01f, 1.76776695e-01f, -1.76776695e-01f, 1.76776695e-01f, -1.76776695e-01f, -1.76776695e-01f, 1.76776695e-01f, 1.76776695e-01f, 1.76776695e-01f, 1.76776695e-01f, -1.76776695e-01f, 1.76776695e-01f, 1.76776695e-01f, -1.76776695e-01f, -1.76776695e-01f, 1.76776695e-01f, 1.76776695e-01f, 1.76776695e-01f, 1.76776695e-01f, 1.76776695e-01f, -1.76776695e-01f, -1.76776695e-01f, 1.76776695e-01f, 1.76776695e-01f, -1.76776695e-01f,
    1.76776695e-01f, 1.76776695e-01f, 1.76776695e-01f, -1.76776695e-01f, -1.76776695e-01f, 1.76776695e-01f, 1.76776695e-01f, 1.76776695e-01f, -1.76776695e-01f, -1.76776695e-01f, 1.76776695e-01f, 1.76776695e-01f, -1.76776695e-01f, -1.76776695e-01f, -1.76776695e-01f, 1.76776695e-01f, -1.76776695e-01f, -1.76776695e-01f, 1.76776695e-01f, -1.76776695e-01f, -1.76776695e-01f, 1.76776695e-01f, -1.76776695e-01f, 1.76776695e-01f, -1.76776695e-01f, 1.76776695e-01f, 1.76776695e-01f, 1.76776695e-01f, -1.76776695e-01f, -1.76776695e-01f, -1.76776695e-01f, -1.76776695e-01f,
    -1.76776695e-01f, 1.76776695e-01f, -1.76776695e-01f, -1.76776695e-01f, 1.76776695e-01f, 1.76776695e-01f, -1.76776695e-01f, 1.76776695e-01f, 1.76776695e-01f, -1.76776695e-01f, -1.76776695e-01f, 1.76776695e-01f, 1.76776695e-01f, -1.76776695e-01f, 1.76776695e-01f, 1.76776695e-01f, 1.76776695e-01f, -1.76776695e-01f, -1.76776695e-01f, -1.76776695e-01f, 1.76776695e-01f, 1.76776695e-01f, 1.76776695e-01f, 1.76776695e-01f, 1.76776695e-01f, 1.76776695e-01f, -1.76776695e-01f, 1.76776695e-01f, 1.76776695e-01f, -1.76776695e-01f, 1.76776695e-01f, -1.76776695e-01f,
    1.76776695e-01f, 1.76776695e-01f, -1.76776695e-01f, 1.76776695e-01f, -1.76776695e-01f, 1.76776695e-01f, -1.76776695e-01f, -1.76776695e-01f, -1.76776695e-01f, -1.76776695e-01f, -1.76776695e-01f, -1.76776695e-01f, -1.76776695e-01f, -1.76776695e-01f, 1.76776695e-01f, -1.76776695e-01f, -1.76776695e-01f, -1.76776695e-01f, -1.76776695e-01f, 1.76776695e-01f, -1.76776695e-01f, 1.76776695e-01f, 1.76776695e-01f, -1.76776695e-01f, -1.76776695e-01f, 1.76776695e-01f, -1.76776695e-01f, -1.76776695e-01f, -1.76776695e-01f, -1.76776695e-01f, 1.76776695e-01f, 1.76776695e-01f,
    1.76776695e-01f, -1.76776695e-01f, -1.76776695e-01f, -1.76776695e-01f, -1.76776695e-01f, -1.76776695e-01f, -1.76776695e-01f, 1.76776695e-01f, -1.76776695e-01f, 1.76776695e-01f, -1.76776695e-01f, 1.76776695e-01f, -1.76776695e-01f, 1.76776695e-01f, 1.76776695e-01f, 1.76776695e-01f, -1.76776695e-01f, 1.76776695e-01f, -1.76776695e-01f, -1.76776695e-01f, -1.76776695e-01f, -1.76776695e-01f, 1.76776695e-01f, 1.76776695e-01f, -1.76776695e-01f, -1.76776695e-01f, -1.76776695e-01f, 1.76776695e-01f, -1.76776695e-01f, 1.76776695e-01f, 1.76776695e-01f, -1.76776695e-01f,
    1.76776695e-01f, 1.76776695e-01f, 1.76776695e-01f, -1.76776695e-01f, 1.76776695e-01f, -1.76776695e-01f, -1.76776695e-01f, -1.76776695e-01f, 1.76776695e-01f, 1.76776695e-01f, -1.76776695e-01f, -1.76776695e-01f, -1.76776695e-01f, -1.76776695e-01f, -1.76776695e-01f, 1.76776695e-01f, -1.76776695e-01f, -1.76776695e-01f, 1.76776695e-01f, -1.76776695e-01f, 1.76776695e-01f, -1.76776695e-01f, 1.76776695e-01f, -1.76776695e-01f, 1.76776695e-01f, -1.76776695e-01f, -1.76776695e-01f, -1.76776695e-01f, -1.76776695e-01f, -1.76776695e-01f, -1.76776695e-01f, -1.76776695e-01f,
    1.76776695e-01f, -1.76776695e-01f, 1.76776695e-01f, 1.76776695e-01f, 1.76776695e-01f, 1.76776695e-01f, -1.76776695e-01f, 1.76776695e-01f, 1.76776695e-01f, -1.76776695e-01f, -1.76776695e-01f, 1.76776695e-01f, -1.76776695e-01f, 1.76776695e-01f, -1.76776695e-01f, -1.76776695e-01f, -1.76776695e-01f, 1.76776695e-01f, 1.76776695e-01f, 1.76776695e-01f, 1.76776695e-01f, 1.76776695e-01f, 1.76776695e-01f, 1.76776695e-01f, 1.76776695e-01f, 1.76776695e-01f, -1.76776695e-01f, 1.76776695e-01f, -1.76776695e-01f, 1.76776695e-01f, -1.76776695e-01f, 1.76776695e-01f,
    1.76776695e-01f, 1.76776695e-01f, -1.76776695e-01f, 1.76776695e-01f, 1.76776695e-01f, -1.76776695e-01f, 1.76776695e-01f, 1.76776695e-01f, 1.76776695e-01f, 1.76776695e-01f, 1.76776695e-01f, 1.76776695e-01f, -1.76776695e-01f, -1.76776695e-01f, 1.76776695e-01f, -1.76776695e-01f, -1.76776695e-01f, -1.76776695e-01f, -1.76776695e-01f, 1.76776695e-01f, 1.76776695e-01f, -1.76776695e-01f, -1.76776695e-01f, 1.76776695e-01f, 1.76776695e-01f, -1.76776695e-01f, 1.76776695e-01f, 1.76776695e-01f, -1.76776695e-01f, -1.76776695e-01f, 1.76776695e-01f, 1.76776695e-01f,
    1.76776695e-01f, -1.76776695e-01f, -1.76776695e-01f, -1.76776695e-01f, 1.76776695e-01f, 1.76776695e-01f, 1.76776695e-01f, -1.76776695e-01f, 1.76776695e-01f, -1.76776695e-01f, 1.76776695e-01f, -1.76776695e-01f, -1.76776695e-01f, 1.76776695e-01f, 1.76776695e-01f, 1.76776695e-01f, -1.76776695e-01f, 1.76776695e-01f, -1.76776695e-01f, -1.76776695e-01f, 1.76776695e-01f, 1.76776695e-01f, -1.76776695e-01f, -1.76776695e-01f, 1.76776695e-01f, 1.76776695e-01f, 1.76776695e-01f, -1.76776695e-01f, -1.76776695e-01f, 1.76776695e-01f, 1.76776695e-01f, -1.76776695e-01f,
    1.76776695e-01f, 1.76776695e-01f, 1.76776695e-01f, -1.76776695e-01f, -1.76776695e-01f, 1.76776695e-01f, 1.76776695e-01f, 1.76776695e-01f, 1.76776695e-01f, 1.76776695e-01f, -1.76776695e-01f, -1.76776695e-01f, 1.76776695e-01f, 1.76776695e-01f, 1.76776695e-01f, -1.76776695e-01f, -1.76776695e-01f, -1.76776695e-01f, 1.76776695e-01f, -1.76776695e-01f, -1.76776695e-01f, 1.76776695e-01f, -1.76776695e-01f, 1.76776695e-01f, 1.76776695e-01f, -1.76776695e-01f, -1.76776695e-01f, -1.76776695e-01f, 1.76776695e-01f, 1.76776695e-01f, 1.76776695e-01f, 1.76776695e-01f,
    1.76776695e-01f, -1.76776695e-01f, 1.76776695e-01f, 1.76776695e-01f, -1.76776695e-01f, -1.76776695e-01f, 1.76776695e-01f, -1.76776695e-01f, 1.76776695e-01f, -1.76776695e-01f, -1.76776695e-01f, 1.76776695e-01f, 1.76776695e-01f, -1.76776695e-01f, 1.76776695e-01f, 1.76776695e-01f, -1.76776695e-01f, 1.76776695e-01f, 1.76776695e-01f, 1.76776695e-01f, -1.76776695e-01f, -1.76776695e-01f, -1.76776695e-01f, -1.76776695e-01f, 1.76776695e-01f, 1.76776695e-01f, -1.76776695e-01f, 1.76776695e-01f, 1.76776695e-01f, -1.76776695e-01f, 1.76776695e-01f, -1.76776695e-01f,
    -1.76776695e-01f, -1.76776695e-01f, 1.76776695e-01f, -1.76776695e-01f, 1.76776695e-01f, -1.76776695e-01f, 1.76776695e-01f, 1.76776695e-01f, -1.76776695e-01f, -1.76776695e-01f, -1.76776695e-01f, -1.76776695e-01f, -1.76776695e-01f, -1.76776695e-01f, 1.76776695e-01f, -1.76776695e-01f, 1.76776695e-01f, 1.76776695e-01f, 1.76776695e-01f, -1.76776695e-01f, 1.76776695e-01f, -1.76776695e-01f, -1.76776695e-01f, 1.76776695e-01f, -1.76776695e-01f, 1.76776695e-01f, -1.76776695e-01f, -1.76776695e-01f, -1.76776695e-01f, -1.76776695e-01f, 1.76776695e-01f, 1.76776695e-01f,
    -1.76776695e-01f, 1.76776695e-01f, 1.76776695e-01f, 1.76776695e-01f, 1.76776695e-01f, 1.76776695e-01f, 1.76776695e-01f, -1.76776695e-01f, -1.76776695e-01f, 1.76776695e-01f, -1.76776695e-01f, 1.76776695e-01f, -1.76776695e-01f, 1.76776695e-01f, 1.76776695e-01f, 1.76776695e-01f, 1.76776695e-01f, -1.76776695e-01f, 1.76776695e-01f, 1.76776695e-01f, 1.76776695e-01f, 1.76776695e-01f, -1.76776695e-01f, -1.76776695e-01f, -1.76776695e-01f, -1.76776695e-01f, -1.76776695e-01f, 1.76776695e-01f, -1.76776695e-01f, 1.76776695e-01f, 1.76776695e-01f, -1.76776695e-01f
};
